-8.0097	-3.3663	15.0309	
-4.13541	-5.74119	3.09593	
1.18182	2.29611	0.944601	
-26.08	-47.2754	29.9531	
-4.00344	23.1653	13.9673	
21.2118	-7.04417	20.5602	
21.003	53.8327	1.505	
33.4483	10.715	36.1995	
3.12439	2.5847	1.822	
4.07305	-16.6657	19.2429	
-8.98536	6.30248	14.6936	
-16.1876	16.708	5.51679	
-0.159986	0.171705	0.699901	
-1.42979	6.10905	0.118622	
0.881976	-0.00924008	1.13653	
-2.47692	7.41229	5.17462	
11.3667	-21.398	14.6832	
-0.999703	-7.42872	3.13239	
-7.42844	13.3597	1.14614	
4.53523	12.572	74.5343	
-7.45976	14.2022	12.087	
-0.952109	-8.37945	12.2923	
0.203674	0.148237	0.775392	
2.25257	-2.47364	1.88711	
2.74199	3.32909	0.658336	
-2.08141	3.60621	4.08458	
-2.55521	4.80485	2.18747	
-3.11295	-19.6801	0.93311	
-10.1965	12.5236	1.78909	
9.74259	-7.60175	23.9314	
17.1272	62.3231	50.2117	
-11.4114	-29.5552	20.3524	
5.41433	-16.499	9.55203	
-33.2579	-11.4828	67.7484	
1.57732	4.96143	6.02969	
37.928	33.0415	52.4311	
-6.11854	-11.8081	18.3868	
51.1575	48.6773	41.9632	
-13.6891	11.59	13.2388	
-17.2782	-12.117	16.0845	
-2.19593	-9.69496	0.646331	
-0.833171	5.37855	4.39065	
-1.02213	-3.33485	1.21432	
22.9037	20.2133	12.3927	
9.53444	-19.1094	25.6612	
13.4567	-17.81	14.372	
20.8631	-20.5048	11.2519	
-7.35457	12.2838	4.51243	
0.746508	-0.958484	0.947118	
-16.6838	18.7336	8.92499	
4.31772	4.5143	1.39181	
24.3295	-33.9691	4.50774	
-25.7472	-6.8969	28.7797	
5.79295	11.9239	12.7388	
3.74183	-6.19013	6.95138	
2.30109	2.66475	2.26468	
-4.25455	-1.52911	5.52625	
-1.66462	3.10585	9.53475	
28.8137	-35.8317	18.8095	
3.28372	-2.31893	2.58294	
-20.5954	2.22013	21.3834	
4.81658	-16.0772	63.0721	
1.27567	4.79232	1.2171	
7.65529	-54.7674	19.0763	
-3.1996	2.2777	3.41158	
4.9491	0.194144	6.34202	
-19.6682	-13.9198	68.8504	
2.40753	-0.0327961	4.20884	
-25.538	-12.972	47.3675	
1.28266	-0.400743	5.98032	
30.8053	-31.314	7.00892	
53.022	51.1463	24.0689	
3.88356	13.7147	3.97006	
-5.58201	-4.52185	17.6725	
-5.24493	-6.75599	4.45756	
-12.3993	18.0058	37.8223	
-11.4715	-15.5633	21.6678	
-46.4105	75.3493	5.99163	
-21.9978	33.3359	16.1303	
4.24223	7.6479	6.37785	
34.2542	-41.6233	6.86099	
6.43557	6.48363	7.28299	
5.27093	0.619023	5.90336	
1.16586	-18.2833	4.39503	
-11.6583	2.40242	25.9118	
-5.10358	-17.8771	21.2071	
27.318	44.8161	7.12394	
1.17197	2.19572	0.793217	
-2.01328	-3.41469	0.623618	
11.874	-11.9536	0.981906	
-0.863166	-5.73205	6.6874	
-13.8769	-19.1024	3.2747	
-7.00619	12.4336	6.21679	
-40.7255	-16.0661	39.1671	
-7.40861	-2.71416	8.41388	
11.9344	-3.36206	32.9802	
-5.68735	-11.1879	58.1773	
-1.54308	1.8165	0.930842	
-18.5676	1.88955	18.8133	
14.5638	14.015	20.4218	
-6.31079	9.3597	10.782	
-2.8338	-6.5312	9.15417	
4.52059	8.82827	6.96542	
-8.82006	-23.3025	4.37582	
-2.70578	7.41119	0.575148	
-6.18082	13.1295	14.8346	
-8.85804	32.6861	4.90688	
-11.319	-3.386	11.7452	
19.1724	37.1062	31.8629	
-11.6677	-12.036	12.2289	
1.04119	-2.17301	0.250225	
3.49935	1.73314	4.18842	
31.1433	29.7158	12.8459	
1.21479	-5.30279	2.02579	
5.08495	-8.78627	7.42649	
-0.85369	1.15563	0.0994913	
3.71646	-2.73523	3.05702	
18.467	-15.0668	11.7665	
1.27804	-8.46655	4.69699	
-36.3779	-23.4218	55.4875	
-14.491	-7.74817	16.6263	
11.2603	-43.7346	40.9231	
-3.9221	4.91831	3.27114	
-4.19078	-5.26776	2.03719	
26.0799	-42.314	22.9096	
-0.0132243	6.36534	1.78967	
5.53045	-10.8438	0.0645466	
-6.18303	-0.732742	10.7469	
-2.57975	3.18461	0.828	
5.66386	9.54729	4.24854	
2.8061	-2.85634	16.8703	
3.94774	-1.4457	3.98142	
2.32679	-7.13526	50.0766	
-9.16626	-14.3404	5.11797	
-5.18485	6.81223	0.368229	
2.2034	-12.0797	15.0882	
9.94764	-22.0585	12.2831	
1.45985	4.77469	0.754583	
1.03193	0.956466	23.4334	
24.5129	8.57904	55.3042	
7.90532	20.6572	1.24326	
-14.7711	-15.9294	4.10122	
1.39216	-0.0824374	2.40717	
-21.971	-17.0366	31.2039	
15.6037	29.0715	12.6761	
-2.31015	1.84169	11.8902	
1.20486	3.71268	2.35635	
2.15366	-4.0338	3.04743	
50.4071	-53.5832	5.39067	
0.349945	-0.41349	1.89966	
1.28344	-3.61787	3.24737	
3.88813	-6.56914	4.45083	
0.286012	-7.25882	1.98996	
-11.4707	20.6666	50.0045	
19.7152	23.8321	9.71956	
4.16537	3.80798	5.58779	
-6.15351	-25.5046	11.4831	
2.29853	-1.43782	3.81334	
-1.12195	-1.96573	0.101384	
16.9796	-9.71619	48.9858	
1.48957	8.95305	0.602609	
3.85205	-2.21382	3.79939	
5.14408	-1.01026	5.29663	
2.17902	-0.736613	5.08614	
11.2284	19.6408	11.2568	
-8.48731	9.2298	1.82982	
-15.5003	25.0174	7.42043	
-4.64547	2.41619	8.74556	
-5.72863	24.5181	20.8478	
0.984898	-3.58578	2.204	
6.27729	-2.08249	6.21277	
27.9268	-86.3016	16.2597	
-7.83952	-9.37442	9.41665	
-10.7318	-8.51565	13.91	
-33.2167	6.86811	51.9401	
-8.702	-12.4747	1.85338	
9.54532	-27.4136	0.920607	
-42.6207	42.0196	34.492	
-3.41837	-6.83743	6.06546	
-16.5981	36.7942	10.4318	
-10.7939	11.0164	16.8573	
1.01422	-5.32025	2.21421	
53.7349	10.4206	67.9199	
-13.8071	-44.6102	49.1553	
-44.0537	19.7428	42.8359	
29.1256	68.0264	53.7254	
1.24629	2.71451	3.18153	
1.21197	32.9476	18.679	
-0.217608	-0.492535	0.946186	
-0.257585	0.0904757	0.415316	
10.1503	35.1828	14.0221	
-8.27501	4.22124	7.76796	
21.4651	0.551089	50.1491	
-27.9726	-2.45703	29.1567	
-25.2644	29.7642	3.1851	
10.9642	10.6497	10.9439	
45.5326	-59.6229	8.51756	
-2.79664	-16.7835	47.0353	
72.2572	50.8978	63.9584	
-0.310846	-7.01974	0.79557	
-5.01484	1.22755	13.7222	
-0.160867	1.75334	3.02581	
-3.76595	6.24	3.56571	
-10.3284	-18.1155	14.5931	
-0.892447	-0.268858	2.17078	
15.0988	-38.9847	6.51651	
0.401551	1.8165	1.46653	
-21.257	23.3523	5.9602	
27.2229	27.0088	6.96454	
2.58283	-0.188858	6.94052	
-1.71962	11.8873	21.4983	
1.36731	-14.5637	10.5627	
1.2188	-5.45955	1.20454	
14.5796	30.4722	3.09887	
-1.70535	-8.82665	12.4069	
-18.4726	-26.0287	21.8078	
-19.795	10.6516	24.4592	
1.86652	9.8289	7.90221	
-5.23519	0.934642	12.7345	
-2.29027	-0.764319	5.45215	
-2.78058	-8.60808	10.2279	
46.315	66.7558	29.6692	
14.105	-11.7611	15.9413	
4.22738	2.79462	4.80935	
-3.29141	3.67319	2.055	
-6.45804	43.8112	16.449	
-1.34374	5.90594	5.39397	
4.90288	0.339427	7.05652	
-1.84734	64.4651	42.0596	
-0.174532	0.536626	0.699304	
-87.1833	33.8354	90.0841	
-7.91096	-8.94724	19.8063	
47.1642	9.549	46.3809	
7.69205	8.97166	25.7591	
-54.9715	69.8302	47.7084	
16.2884	-6.76554	15.873	
54.2675	-54.7721	6.44378	
-1.43186	-0.79265	2.01245	
22.1709	60.3609	27.6202	
3.21484	20.6442	4.59896	
-18.0106	-31.9957	11.0639	
8.35093	5.80375	7.53536	
17.7652	-13.5528	29.1906	
-12.381	-42.9114	11.9198	
-8.53357	-2.16534	9.29653	
9.82093	10.5295	13.7914	
6.1808	16.4741	38.9973	
-23.8757	15.4179	39.9136	
-0.00576402	0.0106946	0.0194191	
-3.18686	-3.1555	1.94285	
-8.04106	-18.0396	12.7505	
-6.43748	6.46296	0.0689383	
-2.28208	-4.4279	3.59766	
-22.5942	12.6652	22.0018	
22.7233	-13.9628	19.483	
9.44917	9.74501	13.4828	
5.53315	5.56421	11.5365	
3.67079	5.85522	10.0328	
25.9309	34.2904	35.1585	
1.25769	2.81891	7.55324	
0.0163924	-1.35549	2.3721	
-3.09107	7.52083	2.62776	
-2.84362	3.00807	1.05559	
-0.116944	-14.6104	0.471305	
0.585187	-0.925228	0.946998	
18.056	-18.7965	25.7754	
12.7057	-11.8227	7.31204	
10.0001	-8.52408	50.3041	
-11.3093	-24.4729	47.9718	
-9.82618	33.0132	6.52236	
-4.92248	-12.2679	6.71263	
3.19835	35.742	15.6154	
-6.38395	4.1418	13.9744	
-7.24014	-14.8488	5.01033	
6.19937	7.00822	1.2887	
-14.8664	-16.6053	4.50844	
-0.799652	5.45022	0.541637	
2.65135	2.87886	3.14358	
-1.05822	-71.4471	24.6724	
0.535428	1.70739	2.78276	
-2.41812	-5.07183	3.51127	
20.2215	-11.7943	19.5398	
-12.9516	-9.13726	11.4104	
16.2575	-9.86914	35.0903	
-32.0997	-60.1353	11.6798	
5.41335	9.00495	22.4264	
-2.72226	-0.366032	5.18224	
-0.336596	-4.19118	5.26808	
-22.5856	-40.3245	0.749062	
-0.667256	-13.7759	1.86161	
0.375426	-0.40843	1.20988	
-7.5295	-21.0704	1.8369	
2.18109	7.63552	6.60766	
-9.57113	4.96537	10.9178	
-2.07574	2.82203	0.589677	
3.74491	-1.5202	3.523	
-0.344963	-1.47169	7.70069	
2.33021	4.46814	1.25802	
-38.905	-46.3426	14.3381	
-0.669403	1.79943	0.01171	
6.98015	6.25775	8.76773	
-35.53	-30.2618	23.5887	
4.2385	-17.718	25.639	
1.32605	3.47732	3.11604	
-0.351139	0.628924	0.0212213	
1.61144	25.1307	1.55333	
26.3575	24.1126	15.241	
-2.82619	2.1478	5.37838	
76.6113	-34.2663	69.7349	
-7.87172	-7.63766	13.2742	
-4.38292	5.26957	9.06513	
-2.25765	6.9495	21.4803	
-11.1416	3.16895	11.6072	
0.405741	3.53841	2.47204	
-13.5965	-9.61273	11.5244	
-1.46838	0.919343	1.17158	
-3.34301	-6.27975	4.09242	
19.103	-7.56857	34.9635	
8.70771	6.74908	14.6451	
12.9502	-7.93087	13.5685	
34.5509	9.64953	35.8765	
-0.427941	-0.406364	0.317337	
11.0854	-1.84766	12.3177	
-0.225849	1.36932	2.82214	
-3.5444	-25.2543	1.78266	
13.1179	-31.6418	4.7393	
-50.6235	-54.3221	75.5572	
0.037744	0.162745	0.183259	
-0.328223	1.29482	1.14353	
-3.61451	15.302	24.2646	
-5.19839	-2.83753	8.0953	
1.95264	4.41429	0.755871	
2.22852	3.93818	3.2582	
3.24518	-3.58668	2.04503	
-3.33824	8.35149	10.2828	
-5.95129	8.5426	10.0191	
6.47726	9.80826	5.50032	
-2.28641	1.16381	4.57838	
-6.42847	40.1472	11.4326	
-8.24291	-1.83318	19.0817	
-1.88006	-1.45113	1.66927	
0.381142	-0.533491	0.672522	
0.796425	2.00106	3.05656	
-17.6212	26.7106	10.2391	
-1.14004	1.21877	7.71282	
-1.5553	-2.99819	8.00237	
-2.28605	38.0675	18.5216	
30.3624	-8.08085	42.4896	
-0.748541	-1.66099	3.31254	
5.75822	-1.34028	9.04123	
-4.02	0.629914	11.3385	
21.449	-76.4831	23.5736	
-0.222546	-0.783325	3.75619	
5.48669	6.93632	1.1695	
-3.30267	5.97778	12.9197	
4.27555	-7.57097	1.63533	
8.98545	-20.5529	9.34222	
2.36704	4.17442	1.90195	
4.52434	3.45416	11.0127	
-1.31623	5.59791	6.75735	
3.37079	3.54287	45.4132	
-33.1977	-27.408	22.9898	
1.44991	-1.84092	1.08823	
1.36801	-3.68787	2.68209	
-1.81739	0.718456	2.55802	
0.816055	-1.17928	1.45344	
0.772038	8.13423	2.72393	
-5.73861	5.84039	4.94317	
-0.732441	4.96441	3.20074	
0.160251	1.42686	4.21655	
-5.59345	6.2451	0.380136	
-3.75823	-8.07486	21.7483	
-9.57618	5.00358	9.94759	
0.619948	1.8488	4.31738	
5.85859	6.59007	6.47774	
-0.804866	16.015	8.83916	
1.93611	-2.32554	5.84007	
5.38921	16.3631	14.0338	
1.23569	1.28062	0.932623	
-7.53588	32.6887	58.8104	
-10.3386	-15.9117	18.6283	
-10.5977	-10.0557	11.4922	
0.418483	-0.428178	0.429537	
1.88879	-30.7233	10.7973	
1.36774	-9.96825	3.36549	
-28.2351	-34.0772	14.7978	
9.44131	1.64052	12.347	
0.252344	-1.54664	1.47686	
16.0829	-2.14568	21.6867	
-21.6632	-14.793	25.6321	
-2.80604	-4.39109	1.74192	
-73.6591	61.6806	40.2637	
-0.958582	6.97006	21.733	
0.239743	4.2594	3.39795	
-4.60505	6.38344	1.34081	
-0.0246864	0.740942	2.99552	
9.33218	-22.7591	0.323973	
-12.6786	14.4932	14.614	
7.09518	6.55606	2.71285	
-12.2626	16.1468	1.94468	
3.12353	2.92852	1.32304	
-11.0062	31.4965	5.62438	
0.860976	-1.8334	0.22854	
-0.285253	-46.2372	11.0629	
-18.3146	11.6819	116.819	
-5.30447	-6.01407	7.6753	
-9.98134	7.05593	29.9877	
-0.656211	-0.998133	1.94636	
-0.661094	-0.950697	8.00587	
3.48765	-3.01095	3.09281	
-11.5762	-36.9805	15.7509	
5.31661	5.23032	26.6165	
26.5487	-40.068	11.7071	
-6.93392	-9.0997	13.3125	
0.705083	0.668842	0.500553	
46.419	2.64135	52.5629	
-4.13122	-6.77149	25.9574	
1.75842	-10.1648	1.91511	
-1.12061	-3.80442	2.70699	
-19.2216	26.7078	25.1455	
-1.53624	-0.961734	4.76545	
9.66922	0.980552	10.2616	
2.05485	2.18019	7.59661	
0.466506	0.985045	0.4666	
-44.0823	-21.4161	46.3088	
1.42588	1.62842	1.77469	
-1.1251	-5.68675	14.5549	
-4.08238	-8.7708	12.8786	
-18.3057	8.41564	18.1742	
8.94894	2.64274	10.4798	
-8.79271	-5.05602	7.61425	
-48.8287	-49.5143	0.871219	
18.1758	-0.745377	19.9595	
0.208921	-0.621447	0.0989915	
2.17834	1.88871	14.8001	
-6.06296	18.5953	0.317869	
0.0584337	0.939646	0.256003	
-0.0150489	-0.0968219	0.460203	
-1.36326	-1.24012	2.0648	
6.82912	16.311	2.46002	
1.51987	44.7006	0.361949	
-11.6856	14.8435	17.3372	
-0.556987	-8.45323	8.66929	
-5.46316	-2.92556	7.07009	
-2.83377	2.40243	1.68339	
3.3996	-6.43612	6.91036	
-3.14083	-4.78817	7.23546	
-3.01601	5.63216	0.422082	
24.9735	-41.0398	9.76276	
4.64779	-6.02823	7.83908	
6.87585	23.2376	4.70867	
-0.41628	3.70238	0.783439	
-8.82781	-47.5947	66.453	
0.0647366	0.241242	0.115595	
-16.6994	-7.93743	17.623	
-0.853554	12.9004	19.8931	
3.29209	-2.77836	2.53061	
7.70062	-9.37038	9.93057	
1.42939	-2.08609	0.12379	
-19.3931	-15.6867	40.1394	
-9.18034	-13.3965	7.60229	
0.818358	5.52031	12.9849	
-17.0997	-19.1682	30.2045	
-13.8463	-36.2259	44.9019	
-0.54827	11.3478	32.3334	
4.31534	19.4458	13.1112	
-21.2616	-21.896	7.07409	
4.49901	-16.5364	7.45977	
-1.47281	-2.34998	2.15415	
-15.1002	13.363	17.8174	
6.45286	-8.29366	3.84127	
-11.0718	-32.0394	4.63919	
0.0199724	-0.0663975	0.00485159	
-44.423	40.6801	29.6965	
-5.40102	9.40906	0.0838224	
-37.8245	-17.0072	64.6274	
-1.85919	-3.80956	11.2926	
-55.2187	-73.0127	22.0476	
-23.762	-27.0347	2.21823	
-1.78913	-0.75918	17.8752	
-39.8124	-53.2254	54.6261	
-1.08931	-2.16641	0.302048	
-18.484	17.793	25.1487	
12.6833	6.35922	20.8441	
-0.49451	-1.48007	3.56861	
-3.88011	1.64733	4.22291	
28.2194	-52.3548	12.6174	
-1.19535	-2.80484	3.1382	
0.542993	-1.65987	4.74581	
-4.10174	13.7973	7.14355	
-1.36603	0.0207182	1.96823	
3.98774	-15.5171	9.6867	
-0.371034	0.561948	0.554456	
65.2751	6.27527	117.233	
-1.48583	-0.139304	1.60199	
-7.28475	-10.179	0.695288	
-9.24442	14.9697	1.06052	
21.2921	33.5924	17.2269	
16.9164	5.29496	20.4174	
-16.3168	19.8389	31.1318	
-2.92223	30.6346	10.7598	
7.01064	-49.003	20.4811	
3.65641	-4.45289	3.92488	
-12.0368	-19.5448	15.5444	
-1.77856	2.85395	0.871866	
-9.82486	28.4606	12.0227	
2.42894	2.74043	3.01644	
-60.2789	-6.07097	60.9575	
1.25694	12.824	7.71064	
-3.67929	-4.90916	6.31469	
3.69169	6.37968	5.68566	
-25.196	17.8706	22.9596	
2.11852	-4.23424	9.05163	
5.92449	-0.589563	6.67593	
1.13139	1.25882	0.326362	
-23.4581	-22.2831	35.4711	
38.4161	32.2956	73.2283	
-20.3395	51.1271	45.91	
3.89297	14.5958	10.8578	
-1.1734	-2.59155	1.37453	
12.6426	5.1435	24.8602	
-2.25248	3.25089	0.77487	
-0.734636	0.313229	0.674364	
18.445	31.1428	29.7887	
-0.16582	-4.1279	13.1874	
-22.833	-23.4729	7.01587	
0.453523	2.64416	0.687481	
16.4394	50.6281	10.4536	
-0.0993231	0.135515	0.176719	
7.99301	-25.8214	2.59367	
-1.51417	17.1244	1.67886	
37.5341	-61.8646	27.6222	
0.906934	7.34227	1.79196	
0.0241122	-0.333467	0.0308494	
0.91586	-0.369493	1.32032	
3.54017	-13.8684	29.042	
30.8556	-24.3549	54.3602	
0.036054	-0.826998	0.230155	
1.63086	1.31672	1.89798	
15.147	-9.43164	18.6747	
-3.08402	-32.6096	10.5275	
-13.0079	-4.17568	20.1541	
-64.3538	93.5697	78.8237	
28.0806	-22.7479	24.3874	
-1.70128	1.92059	2.04763	
12.3665	23.5338	11.7669	
0.080578	0.270344	0.356805	
41.1907	39.5737	39.5737	
-0.146896	1.90938	2.39165	
2.53248	-6.56418	8.03962	
-11.3313	6.72315	17.7838	
0.498024	7.64082	19.2931	
-14.4604	-14.3405	47.4002	
9.46305	8.91453	5.17618	
0.312188	5.86	4.00024	
0.789137	1.84089	10.5039	
33.863	-32.3974	68.2922	
-25.7419	-41.4782	16.2181	
-79.0745	94.5837	0.748684	
11.9187	-11.3646	4.60463	
11.684	17.7349	10.9906	
2.99558	-21.6588	17.3271	
-0.267829	-0.620049	0.593664	
1.81288	0.340168	10.6586	
-1.19294	-6.60563	1.13195	
2.32705	-3.95462	1.27619	
0.0182585	-0.636562	0.141458	
-0.73482	-3.97639	4.79244	
-12.0856	19.6816	6.39515	
0.493723	26.6846	6.34699	
-31.5033	23.7225	46.4507	
0.2147	0.200482	0.140984	
10.2794	-20.0525	6.16332	
14.7156	-23.9636	18.5085	
-10.2478	0.482625	10.4033	
7.41279	13.7895	33.619	
0.556944	-0.662212	2.67644	
31.0716	-9.57944	30.4288	
-8.23501	51.0605	6.47	
-5.90297	-0.152237	10.7708	
-8.18824	-1.0638	15.5902	
-10.5823	-4.31477	15.4423	
4.99525	9.67157	4.40671	
1.82251	-53.5975	0.790135	
-1.69413	-1.30832	1.53489	
-0.133621	7.82832	7.91882	
-4.5279	-6.7815	11.1922	
36.3367	15.4448	46.1952	
-25.6674	-27.3688	13.7515	
-0.497498	0.701792	0.570688	
-12.1702	-19.681	3.9977	
-0.260536	0.44751	0.0114327	
7.03594	8.80769	8.58658	
-14.2701	14.9381	6.77426	
3.31054	-3.11479	4.95065	
-3.08132	-0.77438	7.33079	
-14.7006	-12.2434	15.9884	
1.20654	2.16587	3.42077	
11.5012	15.253	22.4308	
3.29157	-8.80757	10.218	
0.449695	-0.051475	8.03009	
71.8454	8.14866	75.8324	
-4.14753	-3.56651	3.26298	
10.4204	-8.87965	8.78995	
47.7823	-35.1478	43.1978	
-3.89552	-0.600451	6.85631	
-4.61456	-3.38276	3.13864	
10.7301	-11.631	6.34063	
12.9298	-1.65675	49.7024	
-44.0759	16.9226	45.0439	
4.17437	-10.6152	3.82146	
-16.6069	0.951078	85.597	
0.796033	1.29075	1.58117	
2.04246	-0.467666	2.59015	
10.411	14.471	24.4893	
-4.80676	32.58	43.8422	
-14.935	-19.8041	20.1963	
3.14617	4.28398	1.99085	
-30.5704	-71.6953	39.2561	
16.3186	7.32006	19.5989	
7.317	2.91145	7.55226	
-16.417	16.5837	16.5837	
0.18646	38.8554	25.753	
-1.14592	0.591451	4.14015	
1.18225	1.57056	3.73176	
47.1709	35.9669	39.7455	
-25.923	29.4054	5.60104	
-7.78886	-51.3608	7.63828	
-7.02348	-15.5182	25.1008	
-2.37127	-4.01679	12.2454	
26.87	-25.1739	20.3549	
-2.25784	-1.96544	37.5792	
-6.17732	-6.60727	35.7314	
-11.6062	12.0013	13.6711	
-56.4808	-45.3459	41.1876	
0.940358	0.145586	1.69731	
2.81154	5.04098	2.06809	
-6.49344	-8.11815	16.4488	
-19.9925	-94.274	26.7747	
-4.12295	-13.1536	16.4157	
29.2946	-44.9354	4.95351	
0.362175	1.90957	0.477393	
-14.9863	-1.94255	26.3128	
-10.3192	20.7099	5.76852	
12.2446	29.8695	12.9736	
6.56276	-5.40509	26.1246	
-15.8022	-24.7478	1.0089	
1.19543	-2.69867	1.74466	
-6.2792	6.00427	51.1174	
-4.68578	-6.36463	6.04068	
1.99359	-20.0059	9.50932	
0.757026	1.01998	0.0237204	
-9.61553	8.65494	14.2072	
-4.70412	-89.2729	40.433	
-24.6266	12.4768	27.3988	
-31.3732	18.0609	50.206	
-19.8086	-11.5099	69.294	
0.128082	-5.70906	2.90154	
1.75712	-2.91672	1.52318	
31.1598	10.5595	52.3004	
0.130674	-1.44058	2.75768	
15.7115	9.28236	23.4052	
17.3147	-20.925	29.568	
-0.473313	0.219753	0.466415	
0.73254	-0.568805	0.846979	
5.43857	-6.53955	0.411691	
-1.25365	26.2107	14.2809	
-2.82937	2.94759	7.33304	
-16.7491	-11.1207	16.7228	
0.118593	-0.0995565	0.173837	
-87.3981	91.393	24.3715	
-2.235	2.71581	11.8392	
-0.251707	0.629628	0.169677	
3.18853	-1.10565	3.83963	
21.9218	-3.59891	26.3596	
0.909781	-7.07468	6.90939	
9.57181	17.5624	1.07525	
20.7452	-66.9419	36.5477	
-10.5352	-10.5101	13.5628	
4.34995	32.7353	3.79173	
-15.545	4.65653	50.5868	
0.125683	-0.0228553	4.83389	
16.5172	2.39587	25.0644	
6.9076	-1.27197	6.91826	
-1.65417	-10.0383	12.7371	
-3.0584	-12.3283	5.86794	
-11.5821	15.615	27.9256	
-0.726334	0.317612	0.822263	
15.745	-12.6734	15.579	
-0.879918	19.3559	17.1791	
-15.0327	-7.48999	15.2242	
56.7271	53.7386	58.2169	
11.1132	22.6924	28.9691	
1.68128	0.410035	1.77682	
-0.0312087	0.114669	1.55622	
3.65465	4.16019	1.04527	
34.2409	1.90786	85.5811	
0.822982	7.39689	1.83127	
-1.26671	11.0594	10.7852	
0.035387	-12.0097	12.9933	
-4.1539	-6.58079	57.3166	
11.0804	-8.49417	8.57545	
26.2745	-32.1673	2.67441	
-13.1048	10.2242	12.2325	
-0.407206	-16.609	3.46692	
-0.0377956	0.364282	0.568171	
18.1859	-6.80646	18.6043	
0.0971737	-4.30363	11.3588	
-25.4479	-26.5325	4.43504	
-13.9494	14.8556	6.03289	
54.9107	27.7994	48.2556	
-14.1924	14.6922	2.33585	
-4.33249	6.2916	4.83521	
-0.578911	15.6996	8.98927	
0.231829	0.400878	0.0358865	
-21.3492	-54.4348	35.685	
3.43679	-23.1973	9.06143	
3.32052	-7.1563	5.60039e-16	
1.0752	0.393074	1.21495	
0.250635	2.6203	2.91041	
49.3617	-34.6264	41.909	
3.47377	-7.18535	2.6298	
-20.7838	22.591	23.1882	
149.084	-135.021	72.0955	
20.5892	13.9295	30.7444	
-7.07577	-8.0343	11.6497	
-15.278	11.8998	35.6995	
-4.74355	-9.82154	5.24669	
2.72163	0.300024	3.38027	
-2.56521	-16.9823	11.2287	
-12.9811	-30.6502	18.2309	
-1.40628	-3.65837	2.13498	
2.13101	-2.31571	1.44972	
-3.30166	1.34188	9.17674	
-10.3488	6.50689	14.0595	
-2.2473	3.94243	0.0402289	
-3.98704	0.430676	4.70431	
3.32643	3.91979	6.75338	
13.9793	26.5538	19.0183	
-5.32397	-7.81129	5.83636	
-2.02363	2.08963	7.75361	
-11.4428	13.3261	8.41647	
5.22205	-7.08455	0.388194	
17.4369	-23.0982	8.94122	
0.0101143	-0.0434408	0.00898775	
3.5369	17.4591	8.04217	
26.6396	-54.5753	12.397	
3.65431	8.11768	2.77287	
9.2019	36.4724	36.6367	
-0.412314	0.578537	3.84649	
5.495	7.99958	29.1132	
-1.30012	1.27749	0.347671	
28.4042	23.9833	16.9063	
-21.579	1.84993	28.7896	
-1.54106	-2.38426	1.17259	
-6.75574	-7.9275	0.789162	
10.2562	9.30007	8.22699	
9.6698	-6.75585	10.7422	
8.30594	-8.23918	3.29567	
0.258536	-0.217804	0.254388	
0.529505	-2.64973	2.77516	
-7.23575	13.4309	0.703804	
-47.9521	50.0345	7.42448	
11.9943	13.815	0.303997	
-11.5137	27.2102	20.8284	
2.25765	2.68004	0.381213	
12.9662	12.0764	8.90936	
20.6889	-36.453	4.09679	
13.6739	0.886724	14.0398	
-51.7402	-87.9787	30.3237	
33.1802	33.4843	3.34843	
3.97365	-4.53262	2.23914	
-12.262	-3.13776	11.8538	
-5.6484	6.34791	0.846388	
40.3393	-32.3323	33.8322	
-6.17069	-0.365501	14.8289	
-3.60388	-10.6115	15.9646	
-17.8033	-22.7245	30.916	
5.13616	2.38689	4.58283	
-0.173676	-0.468647	0.635277	
-8.644	8.52633	5.2782	
-0.440523	-2.56913	1.97272	
-1.57571	0.548705	4.20008	
7.64009	2.41501	7.9267	
-0.392267	-21.0129	5.77726	
3.64475	23.718	9.8114	
-0.297482	-0.280307	2.16933	
1.9508	3.36335	0.858428	
-0.57132	0.605285	0.0383259	
9.68446	-15.5654	7.10506	
-1.74486	2.6389	1.02936	
23.327	-20.8931	29.4517	
27.3397	24.1231	23.6077	
-4.02323	3.90818	4.5826	
-40.3591	59.762	28.8932	
-5.26016	-65.7023	21.7622	
16.7962	-15.1718	8.41971	
39.6923	21.3876	39.8284	
-5.2828	-0.0254204	5.93567	
-5.02071	-5.95771	25.1849	
-54.3493	-19.382	105.216	
20.3485	32.6554	61.0247	
-10.7697	-3.9069	50.6502	
3.13455	2.47832	2.68416	
8.81516	9.01417	4.77917	
7.43971	-13.6701	4.40531	
-11.2842	15.6497	22.1558	
8.92185	4.34546	9.58173	
-17.6433	-14.5613	12.2243	
32.7556	-152.294	15.3283	
1.33673	-4.07289	0.142909	
-19.2352	-16.7332	15.1558	
-2.67194	-38.4066	19.5493	
-10.8291	10.8076	1.53748	
-2.6627	3.03115	2.64391	
14.8473	-7.26009	29.0404	
-33.1288	-27.0137	21.5897	
8.52089	9.97035	12.3819	
2.07449	1.19404	2.92825	
-40.6902	-43.485	2.64812	
8.92743	-0.799596	10.2066	
-1.96933	20.2881	15.0282	
-44.0774	-57.9954	74.7207	
-8.07065	12.899	19.4345	
3.01805	-1.96057	3.26762	
68.4892	38.9831	63.2324	
30.235	4.83961	38.0628	
-34.6864	31.9313	40.9472	
1.16609	2.49697	2.06329	
7.77633	24.4643	6.2409	
63.9781	71.036	11.0188	
6.39684	-4.35598	21.7799	
8.02352	0.277728	9.30388	
-5.26349	0.390754	28.6032	
-4.82371	-14.4454	9.61274	
3.80422	-4.63615	0.750926	
9.91899	-19.4406	7.25714	
1.58072	34.3903	23.403	
-3.85668	7.47849	6.47016	
-1.57976	-0.670599	3.35299	
0.502237	3.28838	2.02783	
-2.10453	1.87933	3.25444	
-2.01238	-0.715286	2.06711	
5.61268	-4.65515	8.3333	
0.613113	1.45609	9.78113	
4.87699	2.96082	5.31154	
-25.7504	28.7297	9.83367	
-1.41143	2.11872	1.14556	
4.92791	-3.22551	6.07994	
-29.2213	-61.9442	33.1218	
6.20823	-2.19735	13.9375	
11.2552	5.12332	18.3089	
-9.71502	19.32	14.5179	
1.76387	-1.31004	1.59679	
-29.3632	34.536	26.5561	
-0.180119	-27.2568	12.5801	
-0.825832	9.34552	11.4077	
-1.26996	-9.34104	1.60132	
-1.74058	-2.73301	0.641981	
27.2111	-0.721345	28.2767	
11.8437	-12.5959	10.651	
4.21284	15.2031	5.23612	
-2.34295	-3.07246	4.49983	
14.1539	40.5024	22.3395	
-7.28988	-20.1378	1.54118e-15	
2.06277	1.09245	18.7206	
30.0639	25.2821	43.0677	
-23.4747	-31.6167	10.2938	
-4.80617	10.9864	2.56616	
-13.2079	55.6496	5.93889	
-24.3017	-15.0338	24.7177	
-1.16737	0.15824	4.5573	
6.15861	-7.08999	0.271202	
-6.81026	12.747	2.77941	
30.9064	43.1587	4.64366	
-20.2258	2.31283	25.5628	
2.09203	4.87209	4.98913	
2.63136	8.17404	9.65542	
2.27077	-2.47125	1.80517	
-2.67319	-21.2042	5.52192	
3.91683	4.43745	3.54012	
-1.01446	-52.9348	49.4825	
-23.4741	-1.58347	31.7683	
-50.774	-5.22723	52.8531	
13.0824	-20.6167	13.2343	
-5.5909	2.83354	7.27626	
-19.921	-6.07136	19.843	
-35.3589	27.5881	68.9704	
4.54673	-7.15555	1.49402	
-19.4282	14.8854	35.2287	
19.6868	5.34555	22.7048	
21.9617	83.3698	41.3432	
-1.6058	1.99777	0.949294	
5.16424	11.4167	1.93205	
-1.25441	6.26615	4.71189	
-2.45695	2.87195	5.12848	
-3.38373	9.40228	34.7476	
-14.6187	1.54066	27.5394	
12.8191	-13.9543	7.13219	
34.7189	-11.2724	66.3336	
-38.3615	-50.9771	28.2887	
0.252303	0.534983	0.285713	
-7.16631	15.377	13.3427	
2.57475	6.59024	6.04105	
-18.8419	15.3655	16.1224	
-4.04028	-1.42997	10.102	
14.4954	-32.972	48.8358	
5.39498	5.2599	10.1479	
2.08707	1.34441	31.5938	
-2.05575	3.01101	7.44439	
-4.89271	-4.67225	4.16123	
5.6298	12.5118	7.64192	
25.8003	27.242	3.79932	
-23.5524	21.3127	25.9113	
-11.7209	-0.37166	17.5423	
-1.01977	0.115559	1.06043	
22.2033	-18.7223	19.8368	
-19.9235	-7.80887	43.184	
41.7855	-19.334	51.9365	
-65.262	72.9642	10.0939	
3.69735	4.58307	0.196698	
3.61888	2.56352	5.00058	
0.562813	1.14577	1.12827	
17.5307	-6.67903	24.0628	
-7.67929	21.9981	4.50194	
17.0997	-16.6771	5.1314	
3.55578	-13.1493	3.35932	
-5.46368	-5.9524	0.383075	
18.6191	18.8864	11.804	
-34.8458	50.2249	10.1682	
4.0036	-0.29067	4.09174	
-7.99746	-5.00488	21.3934	
-11.8307	-6.91187	12.1568	
11.0813	20.2198	30.3296	
5.13231	20.2382	6.33967	
0.119926	2.5346	0.610524	
-9.01749	-3.35744	9.9334	
3.35384	-3.44705	7.28805	
1.73261	-9.85129	6.90806	
-0.0723402	-4.95401	1.46878	
3.59603	-3.90022	0.736349	
38.2819	16.0896	136.761	
-10.677	10.1272	69.5096	
-7.04002	6.37888	9.30566	
-49.1239	48.7291	47.7545	
-3.86094	-2.39846	8.44072	
-12.5464	22.1978	9.2169	
-1.11811	-7.25494	36.5574	
-2.71276	-2.1013	2.82781	
-35.5719	37.8847	9.27789	
2.62357	-5.24618	31.5617	
-0.48023	-13.2353	7.07404	
22.5023	-1.06213	45.5388	
24.9969	-16.7371	33.9753	
0.999209	-1.13217	2.0417	
-1.60001	-1.73374	0.638533	
-21.2385	-16.7836	21.8883	
0.17766	2.56313	5.80425	
14.3395	1.51422	21.7399	
4.61882	-14.2114	7.90796	
-22.5124	-58.3628	10.1761	
-22.6732	-15.8422	16.861	
54.7935	56.2255	72.3489	
3.87934	15.7493	6.43869	
-1.75808	-2.67915	2.96435	
0.258098	-5.99174	3.1986	
15.236	-30.7138	0.498831	
-3.58199	2.24709	3.49547	
-8.28549	8.47938	20.9899	
-5.27968	6.168	17.8187	
1.05742	-0.107026	2.08701	
-3.13735	6.18588	6.77411	
2.75433	14.1455	17.5956	
3.64346	-10.378	4.33039	
-7.54192	8.5402	5.05393	
8.25223	10.2346	4.1975	
19.342	20.9709	0.557983	
7.27942	-17.8244	0.78637	
0.183367	0.383942	0.30913	
0.946739	0.643411	1.31675	
14.3744	-1.17372	15.7176	
-3.31752	21.9302	40.5232	
-30.5098	-32.0866	2.49378	
15.2233	-21.3182	12.3421	
-0.797053	0.451519	1.34445	
8.80406	28.4239	27.6556	
11.4101	-36.7114	30.2082	
0.143927	-11.9411	1.12423	
6.97235	2.56341	7.8123	
47.7356	-17.7799	79.7818	
-16.5876	7.65672	29.7482	
11.4756	3.84263	16.3312	
26.0188	31.4633	4.66874	
-9.02388	9.23949	2.52954	
-14.5753	-22.0463	2.15086	
11.9413	6.48183	15.9389	
5.49402	-3.58093	5.16638	
-4.53052	-4.29478	9.83936	
-4.16181	87.7712	35.2543	
-6.37868	-3.09694	13.2136	
