0.878	0.189727	0	
0.171123	-0.874497	0	
0.461125	0.039686	0	
-0.648731	0.754477	0	
-0.00478652	0.699482	0	
0.290061	0.0283775	0	
-0.519638	-0.570742	0	
-0.108611	0.253392	0	
0.521366	0.15148	0	
-0.320066	0.945642	0	
0.846004	0.177079	0	
-0.417831	-0.446549	0	
0.802711	0.165208	0	
0.317821	-0.794448	0	
0.0746107	0.662143	0	
-0.494076	-0.2857	0	
0.367367	-0.365973	0	
0.734842	0.598168	0	
-0.358601	-0.83796	0	
-0.0835571	0.927261	0	
-0.513127	0.44151	0	
0.234149	0.851685	0	
0.463588	-0.718178	0	
0.605167	-0.734417	0	
0.87789	0.325463	0	
0.112498	0.32375	0	
-0.342191	0.399498	0	
0.295324	-0.446512	0	
-0.238559	-0.853032	0	
0.190043	0.289928	0	
0.104817	-0.636769	0	
0.17947	-0.0848425	0	
-0.0868868	0.840507	0	
0.555783	0.361928	0	
-0.259255	-0.258168	0	
-0.281044	0.604382	0	
-0.158345	-0.226382	0	
-0.0027326	-0.220878	0	
-0.759151	-0.25136	0	
-0.684645	-0.540113	0	
-0.705144	0.5235	0	
0.989886	-0.0578476	0	
-0.0685822	-0.901168	0	
0.774507	-0.0179706	0	
0.0535066	0.608685	0	
-0.87278	-0.30781	0	
-0.478332	0.630024	0	
-0.516095	-0.217721	0	
0.401518	0.857573	0	
-0.87917	0.366716	0	
0.155282	0.00548653	0	
0.385756	-0.834426	0	
-0.252086	0.47138	0	
-0.958628	-0.169156	0	
-0.0608278	0.381158	0	
0.54163	-0.123761	0	
-0.780908	-0.383418	0	
-0.371521	0.667991	0	
0.827741	-0.384966	0	
0.217571	0.424224	0	
-0.465805	-0.0437714	0	
0.277919	-0.382388	0	
-0.0473836	0.536138	0	
-0.47919	-0.347725	0	
0.413685	0.734946	0	
0.414699	-0.143113	0	
-0.204638	-0.747721	0	
0.44886	-0.362339	0	
-0.539406	0.577675	0	
0.401168	0.0760618	0	
0.560954	0.476047	0	
-0.675373	0.719682	0	
0.838985	0.388447	0	
0.395299	-0.873201	0	
-0.262313	-0.827854	0	
-0.196284	0.562565	0	
-0.55973	-0.40042	0	
0.1477	-0.960539	0	
0.522574	-0.834931	0	
0.0125413	-0.895512	0	
0.187188	0.60641	0	
-0.960596	-0.192137	0	
-0.826617	0.305427	0	
0.699377	-0.478677	0	
0.19775	0.904565	0	
0.797	-0.469134	0	
0.310502	-0.623153	0	
-0.505241	-0.334149	0	
-0.168553	-0.178995	0	
0.0175597	0.558256	0	
0.416907	-0.212307	0	
-0.673615	-0.49494	0	
0.226912	0.253419	0	
0.140042	-0.760585	0	
0.531246	0.416538	0	
0.125591	-0.825859	0	
-0.822222	0.324519	0	
-0.783127	0.491351	0	
-0.543188	-0.480804	0	
-0.502208	-0.00600182	0	
