0.588917	0.100877	0	
0.0921093	0.317042	0	
0.204937	0.658787	0	
0.887821	0.140617	0	
-0.677395	0.283083	0	
-0.196923	0.0148759	0	
-0.00019869	-0.0316222	0	
0.406191	-0.154947	0	
0.770982	0.0242291	0	
-0.112293	-0.936157	0	
-0.221603	-0.910435	0	
0.752628	0.532496	0	
-0.615663	-0.0309727	0	
0.491782	-0.564934	0	
0.0474021	-0.627497	0	
0.0111822	-0.444831	0	
0.692085	-0.00434855	0	
0.773618	-0.224757	0	
0.573842	0.74947	0	
0.596687	0.560326	0	
-0.61825	0.449185	0	
-0.0853966	0.539173	0	
-0.912916	0.0747345	0	
-0.424181	0.189923	0	
0.339657	0.260063	0	
0.00254448	-0.404961	0	
-0.257466	-0.865859	0	
0.695385	-0.605342	0	
0.768779	0.558551	0	
0.863382	-0.0597679	0	
-0.605539	-0.704501	0	
-0.466119	0.724385	0	
0.497836	0.277775	0	
0.210625	0.970895	0	
-0.270273	0.392368	0	
0.216767	-0.537598	0	
-0.575243	-0.644279	0	
-0.761038	-0.443646	0	
0.899972	-0.0452757	0	
0.841012	-0.0264299	0	
-0.820142	-0.336699	0	
-0.168033	0.637781	0	
-0.20729	0.955526	0	
0.263331	-0.326583	0	
-0.465432	-0.410333	0	
0.851373	-0.349521	0	
-0.169962	0.956093	0	
-0.104946	0.978768	0	
-0.367233	-0.473434	0	
-0.0702233	0.409962	0	
-0.9944	-0.056292	0	
-0.790876	0.390532	0	
-0.861173	-0.303943	0	
-0.513527	-0.662035	0	
0.393968	0.28247	0	
-0.135652	-0.557314	0	
0.0520477	-0.590162	0	
-0.0154129	0.0419815	0	
0.588472	-0.626659	0	
0.661999	0.645567	0	
-0.126406	-0.397519	0	
0.303774	-0.811617	0	
-0.158309	-0.802458	0	
-0.0526511	-0.266885	0	
0.0113717	0.603217	0	
0.958371	0.278433	0	
0.0962828	-0.661611	0	
-0.0754195	0.395363	0	
0.0830523	-0.0954061	0	
-0.00985453	0.784157	0	
-0.653575	-0.732011	0	
-0.37858	0.905912	0	
-0.350876	-0.523341	0	
0.255883	-0.494493	0	
0.238536	0.397619	0	
0.700497	0.385102	0	
-0.571024	0.478467	0	
0.159008	0.928287	0	
0.867165	-0.216852	0	
0.47932	-0.634234	0	
-0.66197	-0.67882	0	
-0.532646	0.783765	0	
0.279621	0.108683	0	
0.441303	0.346773	0	
0.709006	-0.333633	0	
-0.0219882	0.217983	0	
0.748542	0.051818	0	
-0.447644	-0.616129	0	
-0.524321	-0.288248	0	
-0.0562916	0.687627	0	
0.29218	-0.811561	0	
-0.173966	0.559228	0	
0.0552036	0.436981	0	
0.458903	-0.0201966	0	
0.242736	-0.362048	0	
0.622449	0.384132	0	
-0.364042	0.16575	0	
0.32689	-0.127055	0	
0.295109	0.306449	0	
-0.215833	0.0204022	0	
0.197463	0.134196	0	
-0.31923	0.806283	0	
0.885543	0.117528	0	
0.457699	-0.664464	0	
0.316802	-0.707557	0	
-0.183008	0.272962	0	
-0.752467	0.234079	0	
-0.57591	-0.0180987	0	
0.088043	0.821126	0	
-0.652163	-0.267738	0	
0.859225	0.169508	0	
-0.430672	-0.394362	0	
-0.381188	0.087724	0	
0.737797	0.116856	0	
-0.214841	0.739488	0	
-0.382657	0.602971	0	
0.597077	-0.18574	0	
0.423163	-0.402409	0	
0.985162	-0.0495614	0	
-0.762936	-0.376735	0	
0.347713	-0.614081	0	
0.574598	0.526153	0	
-0.680096	-0.715171	0	
-0.44401	-0.653341	0	
0.278091	-0.689685	0	
-0.19569	0.422736	0	
-0.682124	-0.260205	0	
-0.563418	0.556382	0	
0.335114	0.774402	0	
-0.100399	0.284464	0	
-0.180716	0.668836	0	
-0.536798	-0.216445	0	
-0.221031	-0.440619	0	
0.14047	0.647509	0	
0.360247	-0.476678	0	
0.424192	-0.546865	0	
0.525126	0.315029	0	
-0.470287	0.664703	0	
0.629762	-0.0916479	0	
0.0528761	-0.0142869	0	
0.586064	-0.366782	0	
-0.298147	-0.937608	0	
-0.568215	-0.380962	0	
0.118944	0.248701	0	
0.433207	-0.530407	0	
-0.265891	-0.321407	0	
0.121994	0.367583	0	
0.387766	0.222795	0	
-0.450639	0.81971	0	
0.482445	-0.257385	0	
-0.916677	0.180842	0	
0.0128667	0.682521	0	
0.343341	0.356535	0	
-0.314341	-0.432654	0	
0.885153	-0.111821	0	
-0.0786146	0.540203	0	
0.907575	-0.257502	0	
0.944193	0.287228	0	
-0.0306968	-0.487912	0	
-0.243969	-0.926002	0	
0.652923	0.414357	0	
-0.545717	0.224037	0	
0.0404947	0.53606	0	
0.439227	-0.573655	0	
-0.506724	-0.0350781	0	
0.598591	0.645515	0	
0.0621594	0.987996	0	
0.0424106	0.257296	0	
-0.147666	0.19286	0	
0.460701	-0.593932	0	
0.376148	-0.437621	0	
0.772637	-0.47014	0	
-0.897996	0.107715	0	
0.919768	0.33768	0	
0.335804	-0.327469	0	
-0.673459	-0.0381238	0	
-0.809772	0.0356386	0	
-0.634325	-0.737992	0	
0.354946	0.544071	0	
-0.298046	-0.633379	0	
0.787454	-0.223421	0	
-0.419632	-0.570008	0	
-0.0591032	0.939418	0	
0.706601	-0.254392	0	
0.382454	0.397151	0	
-0.329156	0.616973	0	
0.825081	-0.0155542	0	
-0.489859	0.00615608	0	
0.213423	0.656849	0	
-0.376619	0.319622	0	
-0.674804	0.558247	0	
-0.838403	0.440545	0	
-0.919554	-0.193445	0	
0.242779	-0.00762965	0	
0.0522333	0.830224	0	
0.573399	0.1903	0	
0.294103	-0.329399	0	
0.733171	0.403064	0	
0.865859	-0.257466	0	
0.61683	0.579242	0	
0.224882	-0.174436	0	
0.0279827	-0.370428	0	
-0.680301	0.655126	0	
-0.658233	0.718839	0	
0.388323	-0.342353	0	
0.849718	0.184336	0	
-0.28601	0.438404	0	
0.220219	-0.315442	0	
0.249807	0.901996	0	
-0.0403454	0.916718	0	
0.101029	0.35608	0	
-0.273453	0.482932	0	
-0.28016	-0.826747	0	
-0.0362197	0.318886	0	
-0.806174	-0.0456367	0	
-0.551407	0.289741	0	
-0.626371	-0.103246	0	
0.931795	-0.0880806	0	
0.349897	-0.686711	0	
-0.561498	-0.194217	0	
0.191417	-0.601963	0	
-0.35638	-0.678228	0	
-0.812723	0.414103	0	
-0.365595	0.276297	0	
0.539401	0.179017	0	
-0.783296	0.201116	0	
-0.562355	-0.794831	0	
-0.559674	0.412025	0	
-0.0321183	0.194855	0	
-0.59885	0.555318	0	
-0.02783	-0.885565	0	
0.506782	-0.488028	0	
-0.671066	0.714612	0	
-0.874057	-0.31468	0	
0.781378	-0.523878	0	
-0.0693493	0.319673	0	
-0.468223	0.418052	0	
0.694908	-0.405096	0	
0.560509	-0.704152	0	
0.37722	0.411952	0	
-0.430634	-0.642304	0	
0.049975	0.52868	0	
0.0940142	-0.994566	0	
0.775432	0.18359	0	
-0.269309	0.811463	0	
-0.327175	-0.0309271	0	
-0.171108	-0.129314	0	
0.287893	0.0108584	0	
-0.647661	-0.743999	0	
-0.478386	-0.148818	0	
0.458931	0.142765	0	
-0.644981	-0.644981	0	
0.324228	0.572605	0	
0.438662	-0.196407	0	
-0.815472	-0.225844	0	
0.868753	0.0163775	0	
0.434731	0.100046	0	
0.162708	0.461006	0	
-0.645476	-0.27452	0	
0.168241	0.946412	0	
0.911318	0.185741	0	
-0.526846	-0.387857	0	
-0.794966	-0.0550318	0	
-0.162153	0.521255	0	
-0.871859	-0.27724	0	
0.839478	0.375868	0	
-0.518644	0.573592	0	
-0.111996	-0.60783	0	
-0.359723	-0.309192	0	
0.753192	-0.292749	0	
-0.329435	0.217883	0	
0.933512	0.27121	0	
0.149031	0.332851	0	
-0.347131	-0.347131	0	
0.336507	0.569002	0	
-0.231038	0.696148	0	
0.920916	-0.199782	0	
-0.76272	-0.106107	0	
0.534351	-0.436428	0	
0.714086	0.00897395	0	
0.344905	0.100204	0	
-0.0378285	-0.25994	0	
-0.304357	0.0967817	0	
-0.174224	0.326567	0	
0.216088	-0.841609	0	
0.438832	-0.274639	0	
0.222736	0.915089	0	
0.970043	0.122545	0	
0.221099	-0.190041	0	
-0.573271	-0.0797519	0	
0.157668	-0.161681	0	
-0.494052	-0.519531	0	
0.211477	-0.695181	0	
-0.133924	-0.36478	0	
-0.491392	0.667483	0	
0.336131	-0.763555	0	
0.027758	-0.293649	0	
0.18051	0.447678	0	
-0.651939	0.694245	0	
-0.381452	-0.609503	0	
-0.912028	0.138583	0	
-0.0616536	-0.753126	0	
0.130346	0.600841	0	
0.379265	0.550598	0	
0.0657472	-0.312534	0	
0.340049	-0.500367	0	
0.428172	-0.40208	0	
0.483247	-0.489359	0	
-0.321784	0.756607	0	
0.713159	0.241669	0	
0.571909	-0.170059	0	
-0.700224	0.262082	0	
0.221024	-0.818015	0	
-0.56566	-0.558596	0	
0.494589	-0.779347	0	
-0.158298	-0.508863	0	
-0.538963	-0.156583	0	
-0.232254	-0.620531	0	
0.506529	-0.44094	0	
-0.867859	-0.306302	0	
0.137849	0.582235	0	
-0.233251	0.183287	0	
-0.00555978	0.884855	0	
0.580273	0.788215	0	
0.168726	0.733166	0	
0.395558	-0.211031	0	
0.0256597	-0.40785	0	
0.175272	-0.152577	0	
-0.192132	-0.451758	0	
0.372078	0.246086	0	
0.332997	0.643516	0	
0.477758	-0.752826	0	
0.567991	-0.293916	0	
0.30329	-0.36196	0	
0.641688	0.297045	0	
-0.307935	-0.095793	0	
0.351567	0.921629	0	
-0.915235	0.323024	0	
-0.5642	-0.353099	0	
-0.242969	-0.732097	0	
-0.893194	0.0787727	0	
0.547559	-0.100891	0	
-0.635567	0.730106	0	
0.327162	0.662544	0	
-0.20577	0.0875138	0	
-0.092255	0.975955	0	
-0.736499	0.25994	0	
0.886488	0.100689	0	
0.603573	0.068555	0	
-0.873863	-0.339651	0	
0.877016	-0.0940356	0	
0.00205527	-0.327102	0	
-0.0642295	-0.927833	0	
0.44271	-0.00278167	0	
-0.568637	0.0682085	0	
0.567669	0.612169	0	
-0.315604	-0.93134	0	
0.729711	-0.509432	0	
0.243169	0.0432275	0	
0.28181	-0.831615	0	
-0.0811261	-0.676327	0	
0.0764861	-0.867266	0	
-0.879975	-0.304375	0	
0.0776875	0.880889	0	
-0.44799	0.608527	0	
-0.402233	0.568515	0	
-0.127017	-0.0828648	0	
0.680843	-0.570485	0	
-0.261193	-0.512619	0	
-0.509632	-0.792007	0	
-0.0566971	0.389597	0	
0.499045	0.480577	0	
0.957439	-0.233045	0	
-0.142762	-0.833438	0	
0.451715	0.88654	0	
-0.692543	0.210675	0	
0.760731	-0.135233	0	
-0.926745	0.219415	0	
-0.270701	-0.671358	0	
0.518042	0.347323	0	
0.604152	-0.604152	0	
0.00687387	-0.364627	0	
-0.520475	-0.441708	0	
0.233011	-0.765967	0	
-0.528033	-0.0904481	0	
-0.355782	0.135718	0	
-0.278287	0.643083	0	
-0.488928	0.122266	0	
-0.28201	-0.444376	0	
-0.0429332	0.425625	0	
-0.732459	0.546356	0	
-0.581074	0.268986	0	
-0.244747	0.555967	0	
0.743864	-0.584523	0	
0.822567	-0.135585	0	
-0.731298	0.378422	0	
-0.920851	-0.00578595	0	
0.420581	0.0105726	0	
0.139294	-0.305936	0	
-0.566889	0.411869	0	
-0.121947	-0.141877	0	
-0.719672	-0.118625	0	
0.224792	-0.949457	0	
0.113374	0.814952	0	
0.428917	-0.511889	0	
0.422996	-0.0779395	0	
-0.805714	-0.547563	0	
-0.259098	0.578678	0	
0.772657	-0.0632525	0	
-0.270543	0.909839	0	
-0.116691	0.972822	0	
0.302426	-0.792804	0	
-0.749625	-0.456138	0	
-0.807973	-0.398974	0	
-0.0989215	0.291915	0	
0.557391	0.593561	0	
0.268651	0.746208	0	
-0.0773885	0.583105	0	
0.811937	0.112954	0	
0.154947	-0.406191	0	
-0.531883	0.538609	0	
-0.874376	-0.116045	0	
0.555707	-0.591768	0	
-0.045669	0.725889	0	
-0.834657	0.399184	0	
0.199835	-0.453945	0	
-0.465249	-0.693933	0	
0.305688	0.468567	0	
0.195774	-0.452407	0	
-0.340757	0.552164	0	
0.77609	0.452421	0	
-0.365785	0.155568	0	
-0.984575	-0.0247503	0	
-0.409696	0.734268	0	
0.369013	-0.28254	0	
0.226431	-0.88189	0	
-0.279406	0.939645	0	
-0	-0	0	
-0.400686	-0.0738288	0	
-0.178396	-0.732922	0	
0.388921	-0.898744	0	
-0.264252	0.383628	0	
-0.674138	-0.128599	0	
-0.098781	-0.429235	0	
-0.137545	-0.122807	0	
0.123393	-0.18914	0	
0.505231	-0.367072	0	
-0.332927	0.407627	0	
-0.291752	-0.563809	0	
-0.223322	0.574567	0	
0.132748	0.491302	0	
0.0605906	0.30713	0	
0.576956	0.413669	0	
-0.441272	-0.80267	0	
-0.660978	0.43716	0	
-0.0436401	0.264756	0	
-0.231806	0.926966	0	
-0.585459	0.529374	0	
0.370047	-0.826477	0	
-0.853444	-0.242144	0	
-0.343894	-0.0611329	0	
-0.618721	-0.0467391	0	
-0.343177	-0.556084	0	
0.360833	-0.656353	0	
0.147373	-0.0572808	0	
-0.0810366	0.362537	0	
0.346008	-0.168162	0	
-0.39163	0.592137	0	
0.829701	0.169106	0	
0.819391	0.177758	0	
0.0564032	-0.356116	0	
0.538368	0.145464	0	
-0.180006	-0.177758	0	
-0.582713	-0.29231	0	
0.294335	-0.208247	0	
-0.00644716	0.341992	0	
-0.654865	-0.0123454	0	
0.416769	-0.530381	0	
0.919993	0.0928007	0	
-0.552442	-0.264212	0	
0.234099	0.769544	0	
-0.921625	0.0812802	0	
0.343602	0.109261	0	
0.521196	-0.746562	0	
0.0518894	0.281616	0	
0.178866	0.734852	0	
0.740628	-0.669679	0	
0.0031666	-0.503974	0	
-0.301028	0.324626	0	
-0.261597	0.505536	0	
0.353314	0.381011	0	
-0.163368	-0.492251	0	
-0.0890441	-0.562202	0	
0.338141	-0.360084	0	
-0.481386	-0.446393	0	
0.0748605	-0.659087	0	
-0.252945	0.870643	0	
-0.313257	-0.393536	0	
0.0808161	-0.580921	0	
-0.37817	0.189704	0	
0.00626427	-0.996976	0	
-0.243849	-0.518206	0	
-0.0783105	0.56291	0	
-0.651077	-0.0780972	0	
-0.751574	0.27593	0	
-0.740708	-0.545299	0	
0.256861	-0.713458	0	
0.804962	-0.584839	0	
0.0775408	0.723179	0	
-0.515444	-0.709448	0	
0.192033	0.71072	0	
0.609671	0.215178	0	
-0.282153	0.336734	0	
-0.812406	-0.192344	0	
0.645893	-0.637827	0	
0.330476	-0.738096	0	
-0.265019	-0.496754	0	
-0.274906	-0.332305	0	
-0.725138	-0.647438	0	
-0.0623779	0.393839	0	
-0.0822792	-0.228539	0	
-0.501503	-0.561689	0	
-0.663121	-0.243456	0	
-0.0913996	-0.463299	0	
-0.287088	-0.63054	0	
0.601357	0.0798109	0	
-0.932692	0.141723	0	
0.12604	-0.866091	0	
-0.706023	0.171849	0	
-0.330089	0.448376	0	
-0.0949223	-0.137803	0	
-0.520648	0.766111	0	
0.549407	0.152158	0	
0.795772	-0.20432	0	
-0.802576	-0.121951	0	
-0.406007	0.264874	0	
-0.466315	0.0234593	0	
-0.716564	0.467479	0	
0.208563	-0.0591746	0	
0.073074	0.347362	0	
0.321569	0.730475	0	
0.100641	0.478405	0	
0.812762	0.0204312	0	
0.721021	-0.68566	0	
0.39545	-0.0248796	0	
0.190051	0.439182	0	
0.135383	-0.790362	0	
-0.253808	-0.394438	0	
0.715516	-0.555011	0	
0.273453	0.482932	0	
0.0351978	0.32827	0	
-0.353025	0.671843	0	
-0.298469	0.797443	0	
0.123464	-0.848385	0	
-0.926524	-0.307495	0	
-0.840096	-0.533141	0	
0.749176	-0.418014	0	
0.604541	0.362671	0	
-0.780552	0.0688386	0	
-0.952998	0.238316	0	
0.514645	-0.4595	0	
0.209995	-0.54028	0	
-0.762631	-0.279989	0	
0.193064	0.346015	0	
-0.36566	0.0793258	0	
0.00364747	0.580506	0	
-0.667006	-0.504087	0	
-0.458918	0.237474	0	
-0.276075	-0.723728	0	
-0.890067	-0.307865	0	
-0.451168	-0.198613	0	
-0.444708	-0.797016	0	
0.415353	0.0498219	0	
-0.861354	0.114317	0	
-0.597603	0.384539	0	
-0.46173	-0.852529	0	
-0.0845325	0.533717	0	
-0.434877	-0.539335	0	
-0.470496	-0.547388	0	
-0.5339	0.725224	0	
0.467671	-0.757815	0	
0.223532	0.490951	0	
0.00453075	0.360527	0	
-0.0681887	-0.539769	0	
0.401752	0.88238	0	
0.688676	-0.706205	0	
-0.661489	0.0207881	0	
-0.557796	-0.479441	0	
-0.200019	0.688471	0	
-0.219918	-0.856525	0	
-0.15204	-0.825157	0	
-0.241259	-0.567269	0	
-0.787714	-0.255944	0	
0.10402	-0.0786124	0	
0.441057	-0.826721	0	
-0.466829	-0.849159	0	
0.52212	-0.287038	0	
-0.918942	0.0868656	0	
0.246391	0.326024	0	
0.27702	-0.910637	0	
-0.125449	-0.0571177	0	
-0.790199	0.213508	0	
0.215945	0.841051	0	
0.842154	-0.227546	0	
-0.426659	-0.118163	0	
-0.689563	-0.43761	0	
0.934449	0.284264	0	
-0.334875	-0.404795	0	
-0.142986	0.51629	0	
0.244562	0.407664	0	
0.463567	0.772726	0	
0.460202	0.789439	0	
-0.204991	0.202431	0	
-6.04759e-14	0.584808	0	
0.427942	-0.175686	0	
0.0915864	0.854173	0	
-0.592724	0.392018	0	
0.585831	-0.194426	0	
0.493047	0.611477	0	
-0.952196	-0.0179506	0	
-0.549078	-0.271133	0	
-0.143545	0.269063	0	
0.518955	0.201706	0	
-0.662192	-0.468511	0	
0.445038	-0.392354	0	
0.530678	-0.693095	0	
-0.0491353	0.213508	0	
0.373337	-0.756055	0	
-0.0261231	-0.593563	0	
-0.797235	-0.356954	0	
-0.824621	-1.70551e-13	0	
0.36037	0.818617	0	
0.660611	-0.685997	0	
0.0817897	0.355402	0	
-0.10516	-0.832431	0	
0.747088	0.398573	0	
0.202301	-0.510954	0	
-0.208287	0.602177	0	
0.0292812	-0.931742	0	
0.654215	-0.403736	0	
0.771702	0.20851	0	
-0.482926	0.470938	0	
0.354395	-0.451003	0	
-0.309435	0.321326	0	
-0.442664	-0.634073	0	
-0.163603	0.955109	0	
-0.350653	0.170419	0	
1.21125e-13	-0.389872	0	
0.540604	-0.0821447	0	
0.808639	0.0101622	0	
0.78068	0.309093	0	
-0.287029	-0.829828	0	
0.63027	-0.688302	0	
-0.902134	0.431456	0	
-0.147782	0.7747	0	
0.165061	-0.0524872	0	
0.25483	0.507998	0	
-0.31245	0.478931	0	
0.0362459	0.172297	0	
-0.578432	-0.615968	0	
-0.538724	-0.761431	0	
-0.225233	-0.925349	0	
-0.00551344	-0.877479	0	
0.0243996	-0.38782	0	
-0.850462	0.0267268	0	
0.495837	0.454033	0	
0.125891	0.73495	0	
0.673829	0.601627	0	
-0.299852	-0.00942323	0	
-0.602655	0.426388	0	
-0.0889773	0.88209	0	
0.461858	0.372407	0	
-0.247039	0.266405	0	
0.194498	0.319641	0	
0.465375	-0.607805	0	
0.425959	0.549144	0	
-0.340249	0.281479	0	
-0.416094	-0.612263	0	
-0.697888	0.584767	0	
-0.60808	-0.210329	0	
0.630944	-0.697789	0	
-0.55864	0.221181	0	
0.133766	0.266659	0	
0.510435	-0.543558	0	
0.155389	-0.589792	0	
0.541063	0.818077	0	
-0.333257	0.797458	0	
0.708531	-0.673783	0	
0.504451	0.342825	0	
0.198176	-0.0522125	0	
-0.789533	-0.12505	0	
-0.880955	-0.133861	0	
-0.420894	0.654101	0	
-0.386141	0.169986	0	
-0.541188	-0.357933	0	
-0.278714	0.774157	0	
-0.0933523	-0.671033	0	
0.0650171	0.860682	0	
-0.293972	0.904754	0	
0.874175	-0.183899	0	
0.0169556	-0.29952	0	
0.184186	-0.298455	0	
0.103963	-0.866713	0	
0.427348	0.472624	0	
-0.704936	0.238882	0	
0.315178	0.826234	0	
-0.723709	-0.374494	0	
0.818246	-0.215579	0	
0.612599	-0.481376	0	
0.282246	0.0483465	0	
-0.398168	0.132144	0	
-0.0980884	-0.111259	0	
0.0448528	-0.418316	0	
0.655238	0.3656	0	
-0.554596	0.670391	0	
-0.834699	-0.203169	0	
0.57767	-0.689418	0	
-0.0160085	0.254448	0	
-0.555451	0.102345	0	
0.202348	-0.207498	0	
-0.733175	-0.269175	0	
0.846774	-0.194871	0	
-0.355528	0.0678206	0	
-0.866237	0.414288	0	
0.230145	0.00578538	0	
0.0478898	0.379086	0	
0.184255	0.330227	0	
-0.317198	0.674081	0	
0.583522	0.534324	0	
-0.223755	0.20232	0	
0.1952	-0.360412	0	
-0.472864	-0.835104	0	
-0.276038	-0.550275	0	
-0.252303	-0.744542	0	
-0.113499	-0.364853	0	
-0.711942	0.251273	0	
-0.22775	0.454015	0	
0.56235	0.304569	0	
-0.33898	0.60753	0	
0.0613128	0.440728	0	
0.154306	0.0344915	0	
0.189556	0.334766	0	
-0.13145	-0.432112	0	
-0.419748	-0.0530265	0	
-0.0895935	0.709206	0	
-0.6505	0.692712	0	
-0.313594	-0.0256719	0	
-0.845091	0.117567	0	
-0.526981	0.775429	0	
0.414359	0.0656279	0	
-0.790543	0.336217	0	
-0.157038	-0.369241	0	
-0.605842	-0.289751	0	
-0.618466	-0.618466	0	
-0.436465	-0.633639	0	
-0.323746	0.864979	0	
-0.30071	-0.773675	0	
-0.597587	-0.34335	0	
-0.356071	-0.516927	0	
-0.264148	-0.179515	0	
-0.261004	-0.739511	0	
-0.181507	-0.788705	0	
-0.699278	0.640321	0	
0.164373	-0.924652	0	
0.605507	0.226631	0	
0.398302	-0.578235	0	
-0.243331	-0.353256	0	
-0.481896	-0.546604	0	
-0.132043	0.454494	0	
-0.973987	-0.0367358	0	
-0.798602	0.035147	0	
-0.419411	0.798182	0	
0.424067	-0.0562813	0	
-0.844457	-0.443726	0	
0.565838	0.0427442	0	
0.857143	-0.358199	0	
0.168381	0.607987	0	
-0.22979	0.772785	0	
0.134438	0.756258	0	
-0.0867142	-0.255892	0	
-0.483435	-0.212817	0	
0.421817	0.604211	0	
0.855811	0.422596	0	
0.313878	-0.61602	0	
-0.216605	0.105271	0	
-0.184647	-0.54489	0	
0.483321	-0.829096	0	
0.674596	0.509823	0	
-0.637181	-0.637181	0	
0.405666	0.454351	0	
0.507871	-0.262806	0	
-0.0413887	-0.261318	0	
-0.305635	0.191279	0	
-0.711944	0.451814	0	
0.173558	-0.776452	0	
-0.262199	-0.19558	0	
-0.107165	0.168866	0	
-0.422451	-0.517238	0	
0.570762	-0.295349	0	
0.358506	0.580925	0	
-0.201809	0.0165208	0	
0.720581	-0.175392	0	
-0.0496961	0.563498	0	
0.58719	0.641255	0	
0.310949	-0.694486	0	
-0.805632	-0.554939	0	
0.848779	0.139906	0	
0.0684547	-0.0728969	0	
-0.0623731	-0.35087	0	
-0.503252	0.163516	0	
0.391909	0.205931	0	
0.204466	-0.100964	0	
0.245538	0.598089	0	
0.36722	-0.658141	0	
-0.0541853	-0.328731	0	
0.47308	0.67764	0	
0.0517173	0.45533	0	
0.168122	0.881326	0	
-7.29033e-14	0.704982	0	
0.0595442	-0.5903	0	
0.2569	-0.00161417	0	
0.207359	-0.564803	0	
-0.109676	0.113891	0	
0.333734	-0.5046	0	
-0.538284	-0.703029	0	
0.537026	-0.0678422	0	
0.829816	0.185486	0	
0.492511	0.595343	0	
0.242933	0.404949	0	
0.8044	0.122229	0	
-0.423372	0.631471	0	
-0.922778	0.128374	0	
-0.495136	0.576056	0	
0.0733965	-0.832234	0	
-0.0442508	-0.781692	0	
-0.199254	-0.423436	0	
-0.750701	-0.418865	0	
-0.400978	0.119232	0	
-0.776015	-0.204453	0	
-0.488649	0.241293	0	
-0.0808133	0.423638	0	
-0.251967	-0.183065	0	
-0.0243699	-0.0663785	0	
0.0903551	0.649489	0	
0.622526	0.400576	0	
0.391255	-0.888774	0	
0.132742	-0.32921	0	
-0.423504	0.337112	0	
0.415268	-0.0235079	0	
0.206402	-0.896882	0	
0.595481	0.257687	0	
0.210955	0.332412	0	
-0.282857	0.506944	0	
0.547438	-0.0656656	0	
-0.603712	-0.444445	0	
-0.288851	0.116469	0	
0.566818	-0.499717	0	
-0.17313	-0.0895886	0	
0.282861	0.433578	0	
-0.702352	-0.0264906	0	
-0.89504	0.374036	0	
0.024911	-0.566021	0	
-0.374856	-0.326317	0	
0.297422	0.246049	0	
-0.21257	-0.499814	0	
-0.162293	-0.748105	0	
-0.0435419	-0.865508	0	
0.131675	-0.740717	0	
0.60194	-0.632984	0	
0.66674	0.0588013	0	
0.0352501	0.399697	0	
-0.0717549	-0.669217	0	
0.145522	0.314362	0	
0.488001	0.264301	0	
0.190607	-0.551062	0	
0.752191	-0.138596	0	
-0.790733	-0.552034	0	
0.382311	0.762128	0	
0.326067	-0.321995	0	
0.33482	0.929998	0	
-0.463463	-0.190269	0	
0.775871	0.00487501	0	
0.496688	0.864466	0	
-0.646482	0.22817	0	
0.167383	-0.094778	0	
0.523155	-0.432792	0	
0.335423	-0.201224	0	
0.769676	-0.172043	0	
-0.224683	-0.210992	0	
0.605805	0.605805	0	
-0.138677	0.30458	0	
0.29805	0.0785256	0	
0.418126	-0.860332	0	
0.383926	-0.872124	0	
0.464045	-0.414321	0	
-0.541752	-0.638361	0	
-0.118358	0.349273	0	
0.395265	0.41565	0	
0.207751	-0.65333	0	
0.248091	0.717252	0	
-0.0918739	-0.631315	0	
-3.03262e-14	0.293258	0	
-0.641254	0.478324	0	
-0.412181	0.210017	0	
0.797477	-0.270241	0	
0.211369	-0.441954	0	
-0.497977	0.842033	0	
-0.689685	-0.278091	0	
-0.891412	0.228876	0	
0.228166	-0.118068	0	
0.0208097	-0.183213	0	
0.360833	0.656353	0	
-0.229387	-0.12799	0	
0.0719406	0.542056	0	
-0.241074	-0.104322	0	
-0.338171	0.0513851	0	
0.424159	-0.333301	0	
-0.614166	-0.591439	0	
-0.367427	-0.396229	0	
-0.311009	-0.800171	0	
0.513705	-0.0714652	0	
0.617569	-0.360011	0	
0.0412632	0.0172438	0	
-0.668252	-0.171578	0	
0.0493185	0.459965	0	
0.00855045	0.680387	0	
-0	-0	0	
0.0405959	-0.645253	0	
-0.111812	-0.531505	0	
0.938264	0.331151	0	
0.28708	-0.943708	0	
-0.0383563	0.468539	0	
0.786719	-0.266596	0	
0.753443	-0.0855776	0	
-0.196607	0.478901	0	
0.0866462	0.595393	0	
0.377736	-0.382512	0	
-0.096005	0.364394	0	
-0.286862	0.738045	0	
0.493282	-0.766598	0	
0.732939	-0.0692832	0	
-0.852055	-0.230221	0	
0.278258	0.788399	0	
-0.221048	-0.502133	0	
0.771643	-0.0925593	0	
-0.762971	-0.394811	0	
0.852389	-0.224574	0	
0.401225	0.606645	0	
0.612969	0.469328	0	
-0.856667	-0.308419	0	
0.117948	0.30346	0	
-0.69874	0.541998	0	
0.225409	-0.114852	0	
-0.449624	0.41694	0	
0.386917	-0.288609	0	
-0.459821	0.102782	0	
0.939149	0	0	
-0.00970827	0.0768489	0	
0.942263	-0.0118415	0	
-0.975168	0.0552033	0	
-0.599747	0.55615	0	
0.575379	0.65264	0	
0.17124	-0.0260198	0	
-0.217719	0.494569	0	
0.203678	0.193689	0	
0.370648	0.856516	0	
-0.308133	0.465891	0	
0.475573	0.209356	0	
-0.590132	-0.780861	0	
0.49024	-0.454604	0	
-0.305997	0.374655	0	
0.44059	0.388433	0	
0.216228	0.0569685	0	
0.253343	-0.104007	0	
-0.0377297	-0.19125	0	
-0.274051	0.207113	0	
0.222486	-0.222486	0	
0.310848	-0.660586	0	
-0.731586	-0.0691552	0	
-0.334771	0.845534	0	
-0.186641	-0.539597	0	
-0.455244	-0.536426	0	
-0.821957	0.23321	0	
-0.242029	-0.579156	0	
0.486567	-0.745823	0	
0.742969	0.122465	0	
-0.756621	-0.564379	0	
0.85018	-0.330446	0	
0.668825	-0.44235	0	
-0.522777	0.542866	0	
-0.562518	0.555494	0	
-0.751988	0.451126	0	
0.968826	-0.0487396	0	
-0.954924	0.114544	0	
0.00278875	-0.443838	0	
-0.880111	-0.128081	0	
0.365935	-0.0556038	0	
0.623358	-0.680753	0	
0.0206213	0.656182	0	
0.423587	-0.254114	0	
